 Device 0: GeForce GTX 745
 Quick Mode

 Host to Device Bandwidth, 1 Device(s)
 PINNED Memory Transfers
   Transfer Size (Bytes)	Bandwidth(GB/s)
   32000000			13.1

 Device to Host Bandwidth, 1 Device(s)
 PINNED Memory Transfers
   Transfer Size (Bytes)	Bandwidth(GB/s)
   32000000			12.7

 Device to Device Bandwidth, 1 Device(s)
 PINNED Memory Transfers
   Transfer Size (Bytes)	Bandwidth(GB/s)
   32000000			25.2

Result = PASS

NOTE: The CUDA Samples are not meant for performance measurements. Results may vary when GPU Boost is enabled.

----------------------------------------------------------------------------------------------------

 Device 0: GeForce GTX 745
 Shmoo Mode

.................................................................................
 Host to Device Bandwidth, 1 Device(s)
 PINNED Memory Transfers
   Transfer Size (Bytes)	Bandwidth(GB/s)
   1000				0.7
   2000				1.3
   3000				1.6
   4000				2.4
   5000				2.9
   6000				3.3
   7000				2.9
   8000				4.0
   9000				4.3
   10000			4.7
   11000			4.1
   12000			4.8
   13000			5.5
   14000			5.8
   15000			6.0
   16000			5.1
   17000			6.4
   18000			5.6
   19000			5.6
   20000			6.8
   22000			7.3
   24000			7.6
   26000			7.8
   28000			7.9
   30000			8.2
   32000			8.1
   34000			8.6
   36000			8.8
   38000			8.9
   40000			9.0
   42000			9.2
   44000			9.3
   46000			9.5
   48000			9.5
   50000			9.5
   60000			10.1
   70000			10.4
   80000			10.7
   90000			10.9
   100000			11.1
   200000			11.9
   300000			12.4
   400000			12.5
   500000			12.6
   600000			12.8
   700000			12.8
   800000			12.8
   900000			12.8
   1000000			12.7
   2000000			12.7
   3000000			12.9
   4000000			12.8
   5000000			12.9
   6000000			12.9
   7000000			12.5
   8000000			12.4
   9000000			13.0
   10000000			12.4
   11000000			12.6
   12000000			13.1
   13000000			13.1
   14000000			13.1
   15000000			13.1
   16000000			13.1
   18000000			13.1
   20000000			13.1
   22000000			13.1
   24000000			13.1
   26000000			13.1
   28000000			13.1
   30000000			13.1
   32000000			13.1
   36000000			13.1
   40000000			13.1
   44000000			13.1
   48000000			13.1
   52000000			13.1
   56000000			13.1
   60000000			13.1
   64000000			13.1
   68000000			13.1

.................................................................................

 Device 0: GeForce GTX 745
 Shmoo Mode

.................................................................................
 Host to Device Bandwidth, 1 Device(s)
 PINNED Memory Transfers
   Transfer Size (Bytes)	Bandwidth(GB/s)
   1000				0.7
   2000				1.3
   3000				1.6
   4000				2.4
   5000				2.9
   6000				3.3
   7000				2.9
   8000				4.0
   9000				4.3
   10000			4.7
   11000			4.1
   12000			4.8
   13000			5.5
   14000			5.8
   15000			6.0
   16000			5.1
   17000			6.4
   18000			5.6
   19000			5.6
   20000			6.8
   22000			7.3
   24000			7.6
   26000			7.8
   28000			7.9
   30000			8.2
   32000			8.1
   34000			8.6
   36000			8.8
   38000			8.9
   40000			9.0
   42000			9.2
   44000			9.3
   46000			9.5
   48000			9.5
   50000			9.5
   60000			10.1
   70000			10.4
   80000			10.7
   90000			10.9
   100000			11.1
   200000			11.9
   300000			12.4
   400000			12.5
   500000			12.6
   600000			12.8
   700000			12.8
   800000			12.8
   900000			12.8
   1000000			12.7
   2000000			12.7
   3000000			12.9
   4000000			12.8
   5000000			12.9
   6000000			12.9
   7000000			12.5
   8000000			12.4
   9000000			13.0
   10000000			12.4
   11000000			12.6
   12000000			13.1
   13000000			13.1
   14000000			13.1
   15000000			13.1
   16000000			13.1
   18000000			13.1
   20000000			13.1
   22000000			13.1
   24000000			13.1
   26000000			13.1
   28000000			13.1
   30000000			13.1
   32000000			13.1
   36000000			13.1
   40000000			13.1
   44000000			13.1
   48000000			13.1
   52000000			13.1
   56000000			13.1
   60000000			13.1
   64000000			13.1
   68000000			13.1

.................................................................................

 Device 0: GeForce GTX 745
 Shmoo Mode

.................................................................................
 Host to Device Bandwidth, 1 Device(s)
 PINNED Memory Transfers
   Transfer Size (Bytes)	Bandwidth(GB/s)
   1000				0.7
   2000				1.3
   3000				1.6
   4000				2.4
   5000				2.9
   6000				3.3
   7000				2.9
   8000				4.0
   9000				4.3
   10000			4.7
   11000			4.1
   12000			4.8
   13000			5.5
   14000			5.8
   15000			6.0
   16000			5.1
   17000			6.4
   18000			5.6
   19000			5.6
   20000			6.8
   22000			7.3
   24000			7.6
   26000			7.8
   28000			7.9
   30000			8.2
   32000			8.1
   34000			8.6
   36000			8.8
   38000			8.9
   40000			9.0
   42000			9.2
   44000			9.3
   46000			9.5
   48000			9.5
   50000			9.5
   60000			10.1
   70000			10.4
   80000			10.7
   90000			10.9
   100000			11.1
   200000			11.9
   300000			12.4
   400000			12.5
   500000			12.6
   600000			12.8
   700000			12.8
   800000			12.8
   900000			12.8
   1000000			12.7
   2000000			12.7
   3000000			12.9
   4000000			12.8
   5000000			12.9
   6000000			12.9
   7000000			12.5
   8000000			12.4
   9000000			13.0
   10000000			12.4
   11000000			12.6
   12000000			13.1
   13000000			13.1
   14000000			13.1
   15000000			13.1
   16000000			13.1
   18000000			13.1
   20000000			13.1
   22000000			13.1
   24000000			13.1
   26000000			13.1
   28000000			13.1
   30000000			13.1
   32000000			13.1
   36000000			13.1
   40000000			13.1
   44000000			13.1
   48000000			13.1
   52000000			13.1
   56000000			13.1
   60000000			13.1
   64000000			13.1
   68000000			13.1

.................................................................................

Device to Device Bandwidth, 1 Device(s)
 PINNED Memory Transfers
   Transfer Size (Bytes)	Bandwidth(GB/s)
   1000				0.7
   2000				1.4
   3000				2.2
   4000				2.9
   5000				3.6
   6000				4.0
   7000				5.0
   8000				5.3
   9000				6.6
   10000			7.4
   11000			8.2
   12000			8.9
   13000			8.4
   14000			10.1
   15000			11.0
   16000			10.7
   17000			11.1
   18000			11.2
   19000			11.7
   20000			12.3
   22000			13.4
   24000			14.6
   26000			15.6
   28000			16.9
   30000			18.2
   32000			19.3
   34000			20.1
   36000			20.5
   38000			19.8
   40000			20.4
   42000			21.4
   44000			22.4
   46000			23.4
   48000			24.4
   50000			25.5
   60000			28.2
   70000			30.9
   80000			31.7
   90000			35.4
   100000			36.9
   200000			49.2
   300000			59.4
   400000			63.0
   500000			65.7
   600000			68.1
   700000			69.1
   800000			66.7
   900000			71.8
   1000000			66.2
   2000000			23.4
   3000000			24.2
   4000000			24.5
   5000000			24.7
   6000000			24.7
   7000000			24.8
   8000000			24.6
   9000000			25.1
   10000000			24.9
   11000000			25.0
   12000000			25.0
   13000000			25.0
   14000000			24.8
   15000000			25.0
   16000000			25.0
   18000000			25.2
   20000000			25.2
   22000000			25.2
   24000000			25.3
   26000000			25.1
   28000000			25.3
   30000000			25.2
   32000000			25.2
   36000000			25.2
   40000000			25.3
   44000000			25.2
   48000000			25.2
   52000000			25.2
   56000000			25.2
   60000000			25.2
   64000000			25.2
   68000000			25.2

Result = PASS

NOTE: The CUDA Samples are not meant for performance measurements. Results may vary when GPU Boost is enabled.

